02EF9286
00002710
302E3130
30302E30
00460000
00000030
00000000
00003850
0000FF80
0FFF0000
00000001
00000300
00000016
0079003C
00000380
00005510
00000800
00003840
00000400
00000100
00005500
00000006
00000007
00000004
00000005
00000003
00000002
00000200
0000001F
00004000
00000020
00260269
20000000
00000000
000008D3
00000040
40000000
00000010
000003FF
00000400
3D800000
00000000
3EC3EF15
3F3504F3
3F6C835E
3F800000
3F6C835E
3F3504F3
3EC3EF15
00000000
BEC3EF15
BF3504F3
BF6C835E
BF800000
BF6C835E
BF3504F3
BEC3EF15
0000000F
3E000000
3F000000
0000FFFF
7FFF0000
000059DF
00005F37
3FC00000
007FFFFF
3F000000
3FF0F0F1
4034B4B5
40000000
FFFFFFFF
FF800000
BE800000
00000000
3F800000
3B369043
BC81F976
3D2DF75D
BD998CA7
3DDA01D4
BE117AE1
3E4CBBA4
BEAAAA6C
3FC90FDB
40490FDB
BFB2B8BF
408A27C4
4109FECE
418A3ECF
420A21A3
428A6546
430A6546
438A27C4
440A27C4
448A27C4
00000009
00001000
000000E7
000000E6
000FFC00
000000E5
3FF00000
000000E4
000000E3
000000E2
000000E1
00000008
02000000
01000000
00800000
00400000
00200000
00100000
00080000
00040000
00020000
80000000
00000006
00000006
00000006
00000028
0000006C
000000F4
00000004
00000024
00000064
41E00000
3F7FFFFF
000000A7
00000064
00000801
00000080
00000017
000000FF
000071A0
00006F60
35FF0381
3AA8E63E
3B245EEF
3B4620E1
B8B5CE6A
33CC93F0
3EB88A48
3C72A173
44200000
41480000
43340000
BF800000
44FFE000
3F7D70A4
3C23D70A
45B3F800
3936034A
3E99999A
42C80000
44160000
44960000
442F0000
00005520
000007D0
3F7FBE77
3A83126F
32E0BFE1
3620F711
40C91D7C
3EC8C8FB
30A5B36E
41000000
3D000000
3611A2B4
40800000
3E800000
00000FFF
42A00000
000003E8
00005521
41A00000
44960000
442F0000
80008000
00007FFF
38D1B717
3F6B851F
3DA3D70A
0000000C
00000018
00001234
00000480
00007080
00010000
00000060
00002000
00000021
0000003F
00000027
00000000
00000002
0000AB54
00000000
00000000
00000000
00000000
00000000
00000000
00000000
00000000
00000000
00000000
00000000
00000000
00000000
00000000
00000000
00000000
00000000
00000000
00000000
00000000
00000000
00000000
00000000
00000000
00000000
00000000
00000000
00000000
00000000
00000000
00000000
00000000
00000000
00000000
00000000
00000000
00000000
00000000
00000000
00000000
00000000
00000000
00000000
00000000
00000000
00000000
00000000
00000000
00000000
00000000
00000000
00000000
00000000
00000000
00000000
00000000
00000000
00000000
00000000
00000000
00000000
00000000
00000000
00000000
00000000
00000000
00000000
00000000
00000000
00000000
00000000
00000000
00000000
00000000
00000000
00000000
00000000
00000000
00000000
00000000
00000000
00000000
00000000
00000000
00000000
00000000
00000000
00000000
00000000
00000000
00000000
00000000
00000000
00000000
00000000
00000000
00000000
00000000
00000000
00000000
00000000
00000000
00000000
00000000
00000000
00000000
00000000
00000000
00000000
00000000
00000000
00000000
00000000
00000000
00000000
00000000
00000000
00000000
00000000
00000000
00000000
00000000
00000000
00000000
00000000
00000000
00000000
00000000
00000000
00000000
00000000
00000000
00000000
00000000
00000000
00000000
00000000
00000000
00000000
00000000
00000000
00000000
00000000
00000000
00000000
00000000
00000000
00000000
00000000
00000000
00000000
00000000
00000000
00000000
00000000
00000000
00000000
00000000
00000000
00000000
00000000
00000000
00000000
00000000
00000000
00000000
00000000
00000000
00000000
00000000
00000000
00000000
00000000
00000000
00000000
00000000
00000000
00000000
00000000
00000000
00000000
00000000
00000000
00000000
00000000
00000000
00000000
00000000
00000000
00000000
00000000
00000000
00000000
00000000
00000000
00000000
00000000
00000000
00000000
00000000
00000000
00000000
00000000
00000000
00000000
00000000
00000000
00000000
00000000
00000000
00000000
00000000
00000000
00000000
00000000
00000000
00000000
00000000
00000000
00000000
00000000
00000000
00000000
00000000
00000000
00000000
00000000
00000000
00000000
00000000
00000000
00000000
00000000
00000000
00000000
00000000
00000000
00000000
00000000
00000000
00000000
00000000
00000000
00000000
00000000
00000000
00000000
00000000
00000000
00000000
00000000
00000000
00000000
00000000
00000000
00000000
00000000
00000000
00000000
00000000
00000000
00000000
00000000
00000000
00000000
00000000
00000000
00000000
00000000
00000000
00000000
00000000
00000000
00000000
00000000
00000000
00000000
00000000
00000000
00000000
00000000
00000000
00000000
00000000
00000000
00000000
00000000
00000000
00000000
00000000
00000000
00000000
00000000
00000000
00000000
00000000
00000000
00000000
00000000
00000000
00000000
00000000
00000000
00000000
00000000
00000000
00000000
00000000
00000000
00000000
00000000
00000000
00000000
00000000
00000000
00000000
00000000
00000000
00000000
00000000
00000000
00000000
00000000
00000000
00000000
00000000
00000000
00000000
00000000
00000000
00000000
00000000
00000000
00000000
00000000
00000000
00000000
00000000
00000000
00000000
00000000
00000000
00000000
00000000
00000000
00000000
00000000
00000000
00000000
00000000
00000000
00000000
00000000
00000000
00000000
00000000
00000000
00000000
00000000
00000000
00000000
00000000
00000000
00000000
00000000
00000000
00000000
00000000
00000000
00000000
00000000
00000000
00000000
00000000
00000000
00000000
00000000
00000001
00000000
00000001
00000002
00000000
00000000
00000000
00000000
442F0000
00000000
00000000
00000000
00000000
00000000
00000000
00000000
00000000
00000000
00000000
442F0000
00000000
00000000
00000000
00000000
00000000
00000000
00000000
00000000
00000000
3F800000
42B40000
00000000
00000000
3ABB3EE7
00000000
00000000
00000000
00000000
00000000
3A1E87A1
3A1E87A1
3A1E87A1
00000000
00000000
00000000
00000000
00000000
00000000
00000000
00000000
00000000
00000000
00000000
00000000
00000000
00000000
00000000
00000000
00000000
00000000
00000000
00000000
00000000
00000000
00000000
00000000
00000000
00000000
00000000
3F800000
00000000
00000000
00000000
00000000
00000000
00000000
00000000
00000000
00000000
00000000
3F800000
00000000
00000000
00000000
00000000
00000000
00000000
00000000
00000000
00000000
00000000
00000000
00000000
00000000
00000000
00000000
00000000
00000000
00000000
00000000
00000000
00000000
00000000
00000000
00000000
00000000
00000000
00000000
00000000
00000000
00000000
00000000
00000000
00000000
00000000
00000000
00000000
00000000
00000000
00000000
00000000
00000000
00000000
00000000
00000000
00000000
00000000
00000000
00000000
00000000
00000000
00000000
00000000
00000000
00000000
00000000
00000000
00000000
00000000
00000000
00000000
00000000
00000000
00000000
00000000
00000000
00000000
00000000
00000000
00000000
00000000
00000000
00000000
00000000
00000000
00000000
00000000
00000000
00000000
00000000
00000000
00000000
00000000
00000000
00000000
00000000
00000000
00000000
00000000
00000000
00000000
00000000
00000000
00000000
00000002
00000000
00000000
00000001
00000200
00001000
00000000
00000000
00000000
00000000
00000000
00000000
00000001
00000001
00000001
00000001
00000000
00000000
00000001
